# relative_time, cycles_done, cur_item, corpus_count, pending_total, pending_favs, map_size, saved_crashes, saved_hangs, max_depth, execs_per_sec, total_execs, edges_found
61, 18, 0, 11, 0, 0, 45.45%, 0, 0, 10, 6153.94, 389672, 20
66, 20, 10, 11, 0, 0, 45.45%, 0, 0, 10, 6953.30, 427067, 20
71, 21, 10, 11, 0, 0, 45.45%, 0, 0, 10, 6233.85, 457271, 20
76, 23, 10, 11, 0, 0, 45.45%, 0, 0, 10, 6680.77, 489924, 20
82, 24, 10, 11, 0, 0, 45.45%, 0, 0, 10, 8613.33, 536209, 20
87, 26, 10, 11, 0, 0, 45.45%, 0, 0, 10, 10271.13, 591526, 20
92, 30, 10, 11, 0, 0, 45.45%, 0, 0, 10, 9029.82, 635544, 20
97, 33, 10, 11, 0, 0, 45.45%, 0, 0, 10, 8838.84, 680679, 20
102, 36, 10, 11, 0, 0, 45.45%, 0, 0, 10, 9881.24, 729942, 20
107, 37, 10, 11, 0, 0, 45.45%, 0, 0, 10, 9907.74, 781383, 20
112, 38, 0, 12, 0, 0, 47.73%, 0, 0, 10, 10452.38, 834615, 21
117, 41, 0, 12, 0, 0, 47.73%, 0, 0, 10, 10507.61, 887876, 21
122, 44, 10, 12, 0, 0, 47.73%, 0, 0, 10, 10501.56, 940634, 21
127, 47, 11, 12, 0, 0, 47.73%, 0, 0, 10, 9555.75, 989067, 21
132, 49, 11, 12, 0, 0, 47.73%, 0, 0, 10, 10265.83, 1040424, 21
137, 50, 11, 12, 0, 0, 47.73%, 0, 0, 10, 9804.45, 1090087, 21
143, 52, 0, 12, 0, 0, 47.73%, 0, 0, 10, 8849.32, 1133440, 21
148, 54, 7, 12, 0, 0, 47.73%, 0, 0, 10, 9131.49, 1178651, 21
153, 57, 11, 12, 0, 0, 47.73%, 0, 0, 10, 10198.20, 1232211, 21
158, 60, 11, 12, 0, 0, 47.73%, 0, 0, 10, 10538.25, 1287403, 21
163, 63, 11, 12, 0, 0, 47.73%, 0, 0, 10, 10272.38, 1338320, 21
168, 65, 11, 12, 0, 0, 47.73%, 0, 0, 10, 10577.68, 1392309, 21
173, 67, 11, 12, 0, 0, 47.73%, 0, 0, 10, 9801.49, 1442344, 21
178, 70, 11, 12, 0, 0, 47.73%, 0, 0, 10, 9895.98, 1492256, 21
183, 72, 11, 12, 0, 0, 47.73%, 0, 0, 10, 9248.78, 1540831, 21
188, 74, 11, 12, 0, 0, 47.73%, 0, 0, 10, 9063.62, 1586680, 21
194, 76, 6, 12, 0, 0, 47.73%, 0, 0, 10, 9740.87, 1635761, 21
199, 79, 11, 12, 0, 0, 47.73%, 0, 0, 10, 10266.36, 1689913, 21
204, 81, 11, 12, 0, 0, 47.73%, 0, 0, 10, 9879.15, 1737639, 21
209, 82, 11, 12, 0, 0, 47.73%, 0, 0, 10, 9080.66, 1784326, 21
214, 86, 11, 12, 0, 0, 47.73%, 0, 0, 10, 9939.43, 1834965, 21
219, 89, 11, 12, 0, 0, 47.73%, 0, 0, 10, 10034.08, 1886364, 21
224, 92, 11, 12, 0, 0, 47.73%, 0, 0, 10, 9629.95, 1935002, 21
229, 95, 11, 12, 0, 0, 47.73%, 0, 0, 10, 10222.16, 1986567, 21
234, 97, 11, 12, 0, 0, 47.73%, 0, 0, 10, 9705.62, 2038136, 21
240, 99, 11, 12, 0, 0, 47.73%, 0, 0, 10, 10330.03, 2091772, 21
245, 101, 11, 12, 0, 0, 47.73%, 0, 0, 10, 10423.96, 2143881, 21
250, 104, 11, 12, 0, 0, 47.73%, 0, 0, 10, 9734.53, 2195361, 21
255, 106, 11, 12, 0, 0, 47.73%, 0, 0, 10, 8810.99, 2239836, 21
260, 107, 11, 12, 0, 0, 47.73%, 0, 0, 10, 8779.97, 2284723, 21
265, 110, 11, 12, 0, 0, 47.73%, 0, 0, 10, 9522.65, 2332086, 21
270, 113, 0, 12, 0, 0, 47.73%, 0, 0, 10, 9898.85, 2383761, 21
275, 116, 11, 12, 0, 0, 47.73%, 0, 0, 10, 8970.62, 2429555, 21
280, 119, 10, 12, 0, 0, 47.73%, 0, 0, 10, 8865.10, 2474461, 21
285, 121, 11, 12, 0, 0, 47.73%, 0, 0, 10, 8843.42, 2518716, 21
291, 123, 11, 12, 0, 0, 47.73%, 0, 0, 10, 9149.06, 2565100, 21
296, 125, 11, 12, 0, 0, 47.73%, 0, 0, 10, 9967.50, 2617372, 21
301, 126, 11, 12, 0, 0, 47.73%, 0, 0, 10, 9969.13, 2666510, 21
306, 129, 11, 12, 0, 0, 47.73%, 0, 0, 10, 10375.87, 2718769, 21
311, 132, 10, 12, 0, 0, 47.73%, 0, 0, 10, 9952.76, 2770786, 21
316, 134, 9, 12, 0, 0, 47.73%, 0, 0, 10, 10322.64, 2822683, 21
321, 136, 11, 12, 0, 0, 47.73%, 0, 0, 10, 9537.99, 2870661, 21
326, 137, 11, 12, 0, 0, 47.73%, 0, 0, 10, 9101.77, 2917406, 21
331, 138, 11, 12, 0, 0, 47.73%, 0, 0, 10, 6829.09, 2948163, 21
336, 139, 6, 12, 0, 0, 47.73%, 0, 0, 10, 6208.29, 2978712, 21
341, 141, 11, 12, 0, 0, 47.73%, 0, 0, 10, 6093.94, 3010274, 21
347, 143, 0, 12, 0, 0, 47.73%, 0, 0, 10, 6233.87, 3042342, 21
352, 144, 11, 12, 0, 0, 47.73%, 0, 0, 10, 7171.63, 3080846, 21
357, 145, 11, 12, 0, 0, 47.73%, 0, 0, 10, 7471.23, 3120492, 21
362, 147, 11, 12, 0, 0, 47.73%, 0, 0, 10, 7012.99, 3157327, 21
367, 148, 11, 12, 0, 0, 47.73%, 0, 0, 10, 8063.26, 3198576, 21
372, 150, 11, 12, 0, 0, 47.73%, 0, 0, 10, 9312.74, 3248357, 21
377, 152, 0, 12, 0, 0, 47.73%, 1, 0, 10, 10189.16, 3301069, 21
382, 155, 11, 12, 0, 0, 47.73%, 1, 0, 10, 10528.98, 3354216, 21
388, 157, 11, 12, 0, 0, 47.73%, 1, 0, 10, 10099.22, 3406049, 21
393, 158, 10, 12, 0, 0, 47.73%, 1, 0, 10, 9485.00, 3450985, 21
398, 161, 11, 12, 0, 0, 47.73%, 1, 0, 10, 10321.33, 3505810, 21
403, 163, 11, 12, 0, 0, 47.73%, 1, 0, 10, 9403.38, 3550850, 21
408, 165, 4, 12, 0, 0, 47.73%, 1, 0, 10, 9352.67, 3600928, 21
413, 168, 0, 12, 0, 0, 47.73%, 1, 0, 10, 10273.77, 3654194, 21
418, 170, 6, 12, 0, 0, 47.73%, 1, 0, 10, 9388.26, 3703527, 21
423, 172, 11, 12, 0, 0, 47.73%, 1, 0, 10, 10246.09, 3754754, 21
428, 173, 11, 12, 0, 0, 47.73%, 1, 0, 10, 10504.99, 3807729, 21
433, 176, 0, 12, 0, 0, 47.73%, 1, 0, 10, 10294.31, 3859441, 21
438, 178, 11, 12, 0, 0, 47.73%, 1, 0, 10, 9637.91, 3908522, 21
444, 180, 11, 12, 0, 0, 47.73%, 1, 0, 10, 10072.33, 3961271, 21
449, 182, 11, 12, 0, 0, 47.73%, 1, 0, 10, 10252.88, 4012894, 21
454, 184, 11, 12, 0, 0, 47.73%, 1, 0, 10, 10049.15, 4065370, 21
459, 185, 11, 12, 0, 0, 47.73%, 1, 0, 10, 10229.32, 4116058, 21
464, 188, 5, 12, 0, 0, 47.73%, 1, 0, 10, 10554.96, 4169140, 21
469, 190, 0, 12, 0, 0, 47.73%, 1, 0, 10, 10051.78, 4220654, 21
474, 192, 0, 12, 0, 0, 47.73%, 1, 0, 10, 10261.27, 4271127, 21
479, 197, 0, 12, 0, 0, 47.73%, 1, 0, 10, 10508.66, 4324287, 21
484, 200, 11, 12, 0, 0, 47.73%, 1, 0, 10, 9071.14, 4370165, 21
489, 201, 0, 12, 0, 0, 47.73%, 1, 0, 10, 8759.25, 4413804, 21
494, 204, 5, 12, 0, 0, 47.73%, 1, 0, 10, 9389.95, 4462068, 21
500, 206, 4, 12, 0, 0, 47.73%, 1, 0, 10, 9061.06, 4509761, 21
505, 209, 11, 12, 0, 0, 47.73%, 1, 0, 10, 9861.14, 4560220, 21
510, 211, 11, 12, 0, 0, 47.73%, 1, 0, 10, 10201.53, 4612418, 21
513, 214, 11, 12, 0, 0, 47.73%, 1, 0, 10, 10074.30, 4640547, 21
